0.030419,0.012578,0.013491,0.010278,0.033095,0.009585
0.012578,0.041476,0.010261,0.021431,0.027736,0.011819
0.013491,0.010261,0.174988,0.011082,0.014074,0.012220
0.010278,0.021431,0.011082,0.016072,0.024297,0.011397
0.033095,0.027736,0.014074,0.024297,0.139389,0.016839
0.009585,0.011819,0.012220,0.011397,0.016839,0.017681
