0.035378,0.007750,0.009550,0.007735,0.008680,0.013504
0.007750,0.036327,0.007781,0.010585,0.014828,0.007895
0.009550,0.007781,0.156178,0.008255,0.009381,0.009462
0.007735,0.010585,0.008255,0.008504,0.010073,0.007844
0.008680,0.014828,0.009381,0.010073,0.184930,0.008652
0.013504,0.007895,0.009462,0.007844,0.008652,0.008632
