0.036561,0.008107,0.009190,0.007598,0.008955,0.008478
0.008107,0.058779,0.007842,0.010755,0.013259,0.008038
0.009190,0.007842,0.158607,0.008523,0.009847,0.009738
0.007598,0.010755,0.008523,0.008859,0.010605,0.008308
0.008955,0.013259,0.009847,0.010605,0.134083,0.010565
0.008478,0.008038,0.009738,0.008308,0.010565,0.009899
