0.060041,0.006461,0.006413,0.005978,0.007629,0.013944
0.006461,0.108973,0.005913,0.020751,0.045928,0.006465
0.006413,0.005913,0.278992,0.006142,0.007212,0.006578
0.005978,0.020751,0.006142,0.008056,0.013964,0.006292
0.007629,0.045928,0.007212,0.013964,0.217755,0.008107
0.013944,0.006465,0.006578,0.006292,0.008107,0.006507
