0.047267,0.025568,0.011939,0.017402,0.055933,0.011976
0.025568,0.198499,0.013497,0.097087,0.136132,0.023747
0.011939,0.013497,0.288189,0.012092,0.020476,0.012781
0.017402,0.097087,0.012092,0.052205,0.098119,0.018561
0.055933,0.136132,0.020476,0.098119,0.214079,0.041171
0.011976,0.023747,0.012781,0.018561,0.041171,0.028357
